human
coord2-0
coord2
10.000000 0.330000
44 103
0 0.158944392 125
1 0.20544339351851854 216
2 -0.5104304007633588 262
3 -0.5097216461538461 260
4 -0.9270113298969072 291
5 0.3860460797962649 589
6 0.15999293750000002 128
7 0.20616710697674415 215
8 0.48700302551020413 196
9 0.6599359230769232 26
10 -0.6977663087248323 149
11 0.018332327402135234 562
12 -0.69907544 150
13 0.7014523614457832 83
14 -0.37633086641221375 262
15 -0.3757391825095057 263
16 -0.10488626771653543 127
17 -0.17613873214285716 112
18 0.7031007236842104 76
19 0.16297443609022555 399
20 0.30470877777777783 9
21 0.30170399999999997 7
22 0.48996978306878314 189
23 0.6570063793103448 29
24 -0.920620684647303 241
25 -0.9222156666666665 255
26 0.3671806128205128 390
27 -0.5115360079681275 251
28 0.5486429819944598 722
29 -0.3852136277056278 231
30 -0.016095772020725388 193
31 0.031441431372549025 153
32 -0.5112851699604744 253
33 0.029334986842105268 152
34 -0.017088189743589742 195
35 0.363806833787466 367
36 -0.38607046017699115 226
37 -0.7014190638297874 141
38 -0.7012829791666666 144
39 -0.1751495181818182 110
40 -0.10545887596899224 129
41 -0.1657815520231214 346
42 -0.9274118620689654 290
43 0.7054046699029126 618
0 5
0 11
0 19
0 26
0 33
1 5
1 20
1 26
1 34
2 12
2 14
2 27
2 36
2 38
3 10
3 15
3 29
3 32
3 37
4 12
4 25
4 38
5 6
5 7
5 8
5 19
5 20
5 21
5 22
5 26
5 28
5 35
6 11
6 19
6 31
6 35
7 21
7 30
7 35
8 26
8 28
9 18
9 28
9 43
10 24
10 32
10 37
10 42
11 17
11 19
11 31
11 33
11 39
11 41
12 25
12 27
12 38
13 23
13 28
13 43
14 27
14 36
14 39
14 41
15 17
15 29
15 32
15 41
16 30
17 29
17 31
17 41
18 28
18 43
19 26
19 31
19 33
19 35
20 26
21 35
22 28
22 35
23 28
23 43
24 37
24 42
25 38
26 28
27 36
27 38
28 35
28 43
29 32
29 41
31 41
32 37
33 39
33 41
34 40
36 39
36 41
37 42
39 41
